64 64
61 61
51 51
58 58
75 75
70 70
66 66
67 67
68 68
69 69
71 71
55 55
72 72
73 73
92 92
107 107
108 108
74 74
93 93
109 109
63 63
76 76
54 54
65 65
52 52
77 77
91 91
59 59
60 60
62 62
79 79
80 80
78 78
81 81
82 82
94 94
83 83
84 84
85 85
89 89
90 90
87 87
88 88
97 97
56 56
57 57
95 95
96 96
98 98
99 99
101 101
102 102
103 103
104 104
86 86
110 110
100 100
1 64
2 51 58
3 58
4 70
5 71 51
8 72 73
9 92 108 107
10 74 51
12 51 92 108 110
13 92 108
15 63
32 107 72 73
16 51 63
17 51 63
18 63
19 76 51
20 51 55 81 91 68 62 84 85
23 55
33 51 77
41 77
42 51 77
25 91 68 51
26 68 51
27 68
28 62
29 81
30 94 83
31 84 85
35 51 87 88
37 51 89 90
38 79 56 57 55
39 89 90
40 87 88
43 79 97 56 57 55
44 56 57 55
45 95 96
46 98 99 101 102 103 104
47 86
48 68 51
49 55
50 74 51
111 110
112 92 108
7 72 73 92 108 107
24 92 108 110
14 63
22 55
0 51 58 64
21 55 81 91 68 51 62 84 85
6 72 73 92 108 107
36 79 56 57 55
11 51 92 108 110 63 86 55 81 91 68 62 84 85
34 79 56 57 55