64 64
61 61
51 51
58 58
75 75
70 70
66 66
67 67
68 68
69 69
71 71
55 55
73 73
72 72
107 107
108 108
92 92
74 74
109 109
93 93
63 63
76 76
54 54
65 65
52 52
91 91
59 59
60 60
62 62
79 79
80 80
78 78
81 81
82 82
83 83
94 94
85 85
84 84
90 90
89 89
88 88
87 87
77 77
97 97
57 57
56 56
96 96
95 95
104 104
103 103
102 102
101 101
99 99
98 98
86 86
110 110
100 100
1 64
2 51, 58
3 58
4 70
5 51, 71
8 73, 72
9 107, 108, 92
10 51, 74
12 51, 110, 108, 92
13 108, 92
15 63
16 51, 63
17 51, 63
18 63
19 51, 76
20 51, 68, 81, 55, 85, 84, 62
23 55
26 51, 68
27 68
28 62
29 81
30 83, 94
31 85, 84
32 107, 73, 72
35 51, 88, 87
37 51, 90, 89
38 79, 57, 56, 55
39 90, 89
40 88, 87
41 77
42 51
43 97, 79, 57, 56, 55
44 57, 56, 55
45 96, 95
46 104, 103, 102, 101, 99, 98
47 86
48 51, 68
49 55
50 51, 74
111 110
112 108, 92
7 107, 108, 92, 73, 72
14 63
22 55
24 110, 108, 92
25 51, 68
33 77
0 58, 64
21 51, 68, 81, 55, 85, 84, 62
6 107, 108, 92, 73, 72
36 79, 57, 56, 55
11 51, 110, 108, 92
34 79, 57, 56, 55
