0 $
1 $
2 64
3 58, 64
4 71
5 75
6 69
7 76, 55
8 76, 55
9 76, 55
10 69
11 61
12 91, 68, 81, 55, 85, 84, 62, 86, 63
13 110, 108, 92, 91, 68, 81, 55, 85, 84, 62, 86, 63
14 109, 93
15 63, 109, 93
16 109, 93
17 91, 68, 81, 55, 85, 84, 62
18 63, 91, 68, 81, 55, 85, 84, 62
19 75
20 83, 94, 78, 86
21 91, 68, 81, 55, 85, 84, 62, 97, 79, 57, 56, 83, 94, 78, 86
22 91, 68, 81, 55, 85, 84, 62, 97, 79, 57, 56, 83, 94, 78, 86
23 52, 104, 103, 102, 101, 99, 98, 80, 90, 89, 88, 87, 75
24 110, 108, 92, 91, 68, 81, 55, 85, 84, 62, 86, 63
25 91, 68, 81, 55, 85, 84, 62, 97, 79, 57, 56, 83, 94, 78, 86
26 91
27 75
28 91, 68, 81, 55, 85, 84, 62, 97, 79, 57, 56, 83, 94, 78, 86
29 91, 68, 81, 55, 85, 84, 62, 97, 79, 57, 56, 83, 94, 78, 86
30 91, 68, 81, 55, 85, 84, 62, 97, 79, 57, 56, 83, 94, 78, 86
31 91, 68, 81, 55, 85, 84, 62, 97, 79, 57, 56, 83, 94, 78, 86
32 76
33 52, 104, 103, 102, 101, 99, 98, 80, 90, 89, 88, 87, 75
34 80, 75
35 80, 75
36 88, 87, 80, 75
37 88, 87, 80, 75
38 90, 89, 88, 87, 80, 75
39 79, 57, 56, 55
40 79, 57, 56, 55
41 52, 104, 103, 102, 101, 99, 98, 80, 90, 89, 88, 87, 75
42 52, 104, 103, 102, 101, 99, 98, 80, 90, 89, 88, 87, 75
43 80
44 104, 103, 102, 101, 99, 98, 80, 90, 89, 88, 87, 75
45 79
46 57, 56, 55
47 61
48 75
49 69
50 69
111 110, 108, 92, 91, 68, 81, 55, 85, 84, 62, 86, 63
112 107
